32
60531 1 2 4
60530 60655 4
60532 60656 4
17122 2 7 0
17127 17181 0   
17137 17182 4   
17135 17183 4
17133 17184 4
17131 17185 4
17128 17186 4
17121 17187 4
10031 1 3 -1
10029 10034 0
10028 10033 0
10030 10032 0
70307 3 4 0
70317 79643 4
70344 79644 4
70308 79645 4
70303 79646 4
39629 1 4 0
39684 39699 4
39671 39698 4
39658 39697 4
39628 39626 4
1936 3 3 0
1939 1978 5
1929 1977 5
1908 1976 5
38016 4 4 1
38019 79501 0
38017 79502 0
38018 79503 0
38011 79504 4
3430 4 4 0
3454 79505 4
3445 79506 4
3436 79507 4
3427 79508 4
18867 2 6 0
18950 79509 4
18925 79510 4
35029 79511 4
35094 79512 4
18866 79513 4
18855 79514 4
8300 1 5 -4
8301 79515 4
8302 79516 4
8303 79517 4
8304 79518 4
8305 79519 4
8427 2 15 -2
8620 79520 4
8562 79521 4
8520 79522 4
8599 79523 4
8557 79524 0
8553 79525 4
8575 79526 4
8538 79527 4
8500 79528 4
8510 79529 4
8499 79530 4
8448 79531 4
8453 79532 2
8598 79533 4
8700 79534 2
8306 2 7 0
11162 79535 4
11139 79536 4
11136 79537 2
11124 79538 4
11101 79539 5
7468 79540 4
7408 79541 4
14704 1 2 -1
14703 79542 7
14702 79543 4
2899 1 2 0
2701 79544 4
2700 79545 4
2765 1 3 1
2763 79546 4
2756 79547 3
2752 79548 4
2579 1 3 0
2588 79549 6
2581 79550 6
2580 79551 6
2238 1 5 -1
2296 79563 0
2281 79564 0
2259 79565 0
2202 79566 6
2953 79567 0
39920 1 3 0
39908 79568 2
39892 79569 2
39885 79570 2
60499 2 11 0
60428 79571 6
60415 79572 6
60398 79573 6
60387 79574 6
60374 79575 6
60361 79576 6
60352 79577 6
60345 79578 6
60330 79579 6
60313 79580 6
60312 79581 4
1106 1 3 0
1113 79582 6
1107 79583 6
1105 79584 6
30782 1 6 0
30718 79585 4
30715 79586 4
30712 79587 4
30709 79588 4
30706 79589 4
30703 79590 6
15889 4 3 0
15886 79591 4
15884 79592 4
15888 79593 4
15804 6 6 0
15809 79594 6
15808 79595 6
15807 79596 6
15806 79597 6
15805 79598 6
15803 79599 6
11420 1 5 -1
11475 79600 4
11460 79601 4
11445 79602 4
11419 79603 4
11421 79604 4
19883 2 18 -2
19920 79605 4
19924 79606 4
19923 79607 4
19921 79608 4
19922 79609 4
19918 79610 4
19919 79611 4
19915 79612 4
19914 79613 4
19913 79614 4
19912 79615 4
19911 79616 4
19910 79617 4
19891 79618 4
19889 79619 4
19882 79620 4
19916 79621 4
19917 79622 4
2133 3 3 0
2134 79623 6
2135 79624 6
2131 79625 6
39730 3 3 0
39732 79626 4
39731 79627 4
39717 79628 4
700024 3 3 0
700036 79629 2
700025 79630 2
700018 79631 2
7902 2 2 0
7903 79632 0
7901 79633 4
71023 2 2 0
71064 79634 2
71013 79635 2
39399 3 3 -1
39386 79636 2
39375 79637 2
39362 79638 2
12403 4 4 -2 
12424 79639 2
12404 79640 2
12440 79641 2
12458 79642 2
<EOF>
10503 2 11 0
10586 79552 4
10577 79553 4
10568 79554 4
10558 79555 4
10549 79556 4
10540 79557 4
10531 79558 4
10522 79559 4
10513 79560 4
10504 79561 4
10502 79562 4
